7.247499999999999609e+00 2.029200000000000000e+06
1.974299999999999855e+01 2.291300000000000000e+07
3.223799999999999955e+01 2.124200000000000000e+07
4.473300000000000409e+01 1.610400000000000000e+07
5.722800000000000153e+01 1.238899999999999814e+07
6.972200000000000841e+01 1.041200000000000000e+07
8.221699999999999875e+01 8.658500000000000000e+06
9.471300000000000807e+01 7.627700000000000931e+06
1.072099999999999937e+02 6.472500000000000000e+06
1.197000000000000028e+02 5.825300000000000000e+06
1.322000000000000171e+02 5.269000000000000000e+06
1.446900000000000261e+02 4.729900000000000000e+06
1.571899999999999977e+02 4.318400000000000000e+06
1.696800000000000068e+02 4.053100000000000000e+06
1.821800000000000068e+02 3.642300000000000466e+06
1.946700000000000159e+02 3.377000000000000000e+06
2.071699999999999875e+02 3.109500000000000000e+06
2.196599999999999966e+02 2.901600000000000000e+06
2.321599999999999966e+02 2.792200000000000000e+06
2.446500000000000057e+02 2.641600000000000000e+06
2.571499999999999773e+02 2.483800000000000000e+06
2.696399999999999864e+02 2.270800000000000000e+06
2.821399999999999864e+02 2.151400000000000000e+06
2.946299999999999955e+02 2.068300000000000000e+06
3.071299999999999955e+02 1.971200000000000000e+06
3.196200000000000045e+02 1.815300000000000000e+06
3.321200000000000045e+02 1.727900000000000000e+06
3.446100000000000136e+02 1.653300000000000233e+06
3.571099999999999568e+02 1.534700000000000000e+06
3.695999999999999659e+02 1.505500000000000000e+06
3.821000000000000227e+02 1.486200000000000000e+06
3.945899999999999750e+02 1.450400000000000000e+06
4.070900000000000318e+02 1.352200000000000000e+06
4.195799999999999841e+02 1.286400000000000000e+06
4.320800000000000409e+02 1.242400000000000000e+06
4.445699999999999932e+02 1.143200000000000000e+06
4.570699999999999932e+02 1.163100000000000000e+06
4.695600000000000023e+02 1.116100000000000000e+06
4.820600000000000023e+02 1.091400000000000000e+06
4.945500000000000114e+02 1.026900000000000000e+06
5.070500000000000114e+02 9.681800000000000000e+05
5.195399999999999636e+02 9.419700000000001164e+05
5.320399999999999636e+02 9.002600000000000000e+05
5.445299999999999727e+02 8.571000000000000000e+05
5.570299999999999727e+02 8.377200000000000000e+05
5.695199999999999818e+02 8.109200000000000000e+05
5.820199999999999818e+02 7.722400000000000000e+05
5.945099999999999909e+02 7.384100000000001164e+05
6.070100000000001046e+02 7.375300000000000000e+05
6.195000000000000000e+02 7.237800000000000000e+05
6.320000000000000000e+02 7.059900000000000000e+05
6.444900000000000091e+02 6.551600000000000000e+05
6.569900000000000091e+02 6.882000000000000000e+05
6.694800000000000182e+02 6.234499999999998836e+05
6.819800000000000182e+02 6.141300000000000000e+05
6.944700000000000273e+02 6.057600000000000000e+05
7.069700000000000273e+02 5.848400000000000000e+05
7.194600000000000364e+02 5.701400000000000000e+05
7.319600000000000364e+02 5.740300000000000000e+05
7.444499999999999318e+02 5.356300000000000000e+05
7.569500000000000455e+02 5.432200000000000000e+05
7.694400000000000546e+02 4.962300000000000000e+05
7.819399999999999409e+02 4.729800000000000000e+05
7.944299999999999500e+02 4.724000000000000000e+05
8.069300000000000637e+02 4.824100000000000000e+05
8.194200000000000728e+02 4.607800000000000000e+05
8.319199999999999591e+02 4.369300000000000000e+05
8.444099999999999682e+02 4.553400000000000000e+05
8.569099999999999682e+02 4.090300000000000000e+05
8.693999999999999773e+02 4.261800000000000000e+05
8.818999999999999773e+02 3.931100000000000000e+05
8.943899999999999864e+02 3.819899999999999418e+05
9.068899999999999864e+02 3.598300000000000000e+05
9.193799999999999955e+02 3.858600000000000000e+05
9.318799999999999955e+02 4.152900000000000000e+05
9.443700000000000045e+02 3.434500000000000000e+05
9.568700000000000045e+02 3.219000000000000000e+05
9.693600000000000136e+02 3.195900000000000000e+05
9.818599999999999000e+02 3.326500000000000000e+05
9.943499999999999091e+02 3.172800000000000000e+05
