7.247499999999999609e+00 3.573400000000000176e+01
1.974299999999999855e+01 3.196000000000000000e+03
3.223799999999999955e+01 2.288000000000000000e+03
4.473300000000000409e+01 4.709799999999999272e+03
5.722800000000000153e+01 4.651100000000000364e+03
6.972200000000000841e+01 1.080500000000000000e+04
8.221699999999999875e+01 2.942300000000000000e+04
9.471300000000000807e+01 6.256000000000000000e+04
1.072099999999999937e+02 1.366000000000000000e+05
1.197000000000000028e+02 1.922700000000000000e+05
1.322000000000000171e+02 1.636700000000000000e+05
1.446900000000000261e+02 1.886400000000000000e+05
1.571899999999999977e+02 2.670500000000000000e+05
1.696800000000000068e+02 3.037800000000000000e+05
1.821800000000000068e+02 4.608100000000000000e+05
1.946700000000000159e+02 5.977400000000000000e+05
2.071699999999999875e+02 8.443300000000000000e+05
2.196599999999999966e+02 1.062800000000000000e+06
2.321599999999999966e+02 1.428300000000000000e+06
2.446500000000000057e+02 1.591000000000000000e+06
2.571499999999999773e+02 1.841300000000000000e+06
2.696399999999999864e+02 1.931000000000000000e+06
2.821399999999999864e+02 2.072400000000000000e+06
2.946299999999999955e+02 2.231000000000000000e+06
3.071299999999999955e+02 2.361400000000000000e+06
3.196200000000000045e+02 2.334000000000000000e+06
3.321200000000000045e+02 2.369600000000000000e+06
3.446100000000000136e+02 2.399700000000000000e+06
3.571099999999999568e+02 2.578500000000000000e+06
3.695999999999999659e+02 2.502000000000000000e+06
3.821000000000000227e+02 2.463400000000000000e+06
3.945899999999999750e+02 2.440900000000000000e+06
4.070900000000000318e+02 2.395900000000000000e+06
4.195799999999999841e+02 2.370300000000000000e+06
4.320800000000000409e+02 2.295900000000000000e+06
4.445699999999999932e+02 2.319200000000000000e+06
4.570699999999999932e+02 2.223900000000000000e+06
4.695600000000000023e+02 2.119900000000000000e+06
4.820600000000000023e+02 2.106800000000000000e+06
4.945500000000000114e+02 2.119100000000000000e+06
5.070500000000000114e+02 2.084200000000000000e+06
5.195399999999999636e+02 1.928100000000000000e+06
5.320399999999999636e+02 2.001599999999999767e+06
5.445299999999999727e+02 1.825300000000000000e+06
5.570299999999999727e+02 1.917400000000000000e+06
5.695199999999999818e+02 1.842000000000000000e+06
5.820199999999999818e+02 1.786000000000000000e+06
5.945099999999999909e+02 1.746000000000000000e+06
6.070100000000001046e+02 1.647400000000000000e+06
6.195000000000000000e+02 1.626800000000000000e+06
6.320000000000000000e+02 1.576000000000000000e+06
6.444900000000000091e+02 1.576700000000000000e+06
6.569900000000000091e+02 1.452600000000000000e+06
6.694800000000000182e+02 1.490300000000000000e+06
6.819800000000000182e+02 1.419200000000000000e+06
6.944700000000000273e+02 1.424500000000000000e+06
7.069700000000000273e+02 1.355300000000000000e+06
7.194600000000000364e+02 1.314300000000000000e+06
7.319600000000000364e+02 1.221900000000000000e+06
7.444499999999999318e+02 1.274400000000000000e+06
7.569500000000000455e+02 1.161600000000000000e+06
7.694400000000000546e+02 1.236000000000000000e+06
7.819399999999999409e+02 1.079000000000000000e+06
7.944299999999999500e+02 1.089100000000000000e+06
8.069300000000000637e+02 1.113100000000000000e+06
8.194200000000000728e+02 1.106100000000000000e+06
8.319199999999999591e+02 1.049800000000000000e+06
8.444099999999999682e+02 1.006500000000000000e+06
8.569099999999999682e+02 1.011400000000000000e+06
8.693999999999999773e+02 9.578900000000000000e+05
8.818999999999999773e+02 9.549800000000000000e+05
8.943899999999999864e+02 8.993300000000000000e+05
9.068899999999999864e+02 8.955000000000000000e+05
9.193799999999999955e+02 9.117600000000000000e+05
9.318799999999999955e+02 8.644900000000000000e+05
9.443700000000000045e+02 8.532400000000000000e+05
9.568700000000000045e+02 8.127900000000000000e+05
9.693600000000000136e+02 7.897300000000000000e+05
9.818599999999999000e+02 8.053100000000000000e+05
9.943499999999999091e+02 8.137100000000000000e+05
