1.350000000000000000e+01 0.000000000000000000e+00
2.700000000000000000e+01 4.850000000000000000e+02
4.050000000000000000e+01 3.600000000000000000e+03
5.400000000000000000e+01 7.180000000000000000e+04
6.750000000000000000e+01 5.960000000000000000e+05
8.100000000000000000e+01 1.560000000000000000e+06
9.450000000000000000e+01 2.410000000000000000e+06
1.080000000000000000e+02 2.899999999999999534e+06
1.220000000000000000e+02 3.089999999999999534e+06
1.350000000000000000e+02 3.080000000000000000e+06
1.490000000000000000e+02 2.970000000000000466e+06
1.620000000000000000e+02 2.830000000000000000e+06
1.760000000000000000e+02 2.660000000000000466e+06
1.890000000000000000e+02 2.490000000000000000e+06
2.030000000000000000e+02 2.320000000000000000e+06
2.160000000000000000e+02 2.170000000000000000e+06
2.300000000000000000e+02 2.030000000000000000e+06
2.430000000000000000e+02 1.890000000000000000e+06
2.570000000000000000e+02 1.770000000000000000e+06
2.700000000000000000e+02 1.680000000000000000e+06
2.840000000000000000e+02 1.590000000000000000e+06
2.970000000000000000e+02 1.490000000000000000e+06
3.110000000000000000e+02 1.410000000000000000e+06
3.240000000000000000e+02 1.330000000000000233e+06
3.380000000000000000e+02 1.260000000000000000e+06
3.510000000000000000e+02 1.200000000000000000e+06
3.650000000000000000e+02 1.140000000000000000e+06
3.780000000000000000e+02 1.080000000000000000e+06
3.920000000000000000e+02 1.030000000000000000e+06
4.050000000000000000e+02 9.860000000000000000e+05
4.190000000000000000e+02 9.400000000000000000e+05
4.320000000000000000e+02 8.950000000000000000e+05
4.460000000000000000e+02 8.600000000000000000e+05
4.590000000000000000e+02 8.200000000000001164e+05
4.730000000000000000e+02 7.900000000000001164e+05
4.860000000000000000e+02 7.530000000000001164e+05
5.000000000000000000e+02 7.260000000000000000e+05
5.130000000000000000e+02 7.050000000000000000e+05
5.270000000000000000e+02 6.710000000000000000e+05
5.400000000000000000e+02 6.450000000000000000e+05
5.540000000000000000e+02 6.240000000000000000e+05
5.670000000000000000e+02 6.020000000000000000e+05
5.810000000000000000e+02 5.810000000000000000e+05
5.940000000000000000e+02 5.570000000000000000e+05
6.080000000000000000e+02 5.400000000000000000e+05
6.210000000000000000e+02 5.220000000000000000e+05
6.350000000000000000e+02 5.020000000000000000e+05
6.480000000000000000e+02 4.880000000000000000e+05
6.620000000000000000e+02 4.730000000000000000e+05
6.750000000000000000e+02 4.520000000000000000e+05
6.890000000000000000e+02 4.410000000000000000e+05
7.020000000000000000e+02 4.280000000000000000e+05
7.160000000000000000e+02 4.160000000000000000e+05
7.290000000000000000e+02 4.010000000000000000e+05
7.430000000000000000e+02 3.900000000000000000e+05
7.560000000000000000e+02 3.790000000000000000e+05
7.700000000000000000e+02 3.690000000000000000e+05
7.830000000000000000e+02 3.590000000000000000e+05
7.970000000000000000e+02 3.490000000000000000e+05
8.100000000000000000e+02 3.370000000000000000e+05
8.240000000000000000e+02 3.280000000000000000e+05
8.370000000000000000e+02 3.160000000000000000e+05
8.510000000000000000e+02 3.090000000000000000e+05
8.640000000000000000e+02 3.000000000000000000e+05
8.780000000000000000e+02 2.940000000000000000e+05
8.910000000000000000e+02 2.850000000000000000e+05
9.050000000000000000e+02 2.790000000000000000e+05
9.180000000000000000e+02 2.720000000000000000e+05
9.320000000000000000e+02 2.630000000000000000e+05
9.450000000000000000e+02 2.520000000000000000e+05
9.590000000000000000e+02 2.510000000000000000e+05
9.720000000000000000e+02 2.440000000000000000e+05
9.860000000000000000e+02 2.340000000000000000e+05
