Filter
# Name of the material
Al
# Density of the material (gr/cm^3)
2.699
# Angular increment (degrees)
0.1507537688442211
# Start angle
-15.0
# Thickness array (mm)
27.584154262072957
27.579665821929126
27.578368140862636
27.578573062873886
27.576693801718136
27.576388402129766
27.57586471250832
27.575142101706206
27.574240619203493
27.575109463189477
27.57393445324766
27.574616894612916
27.573259748545553
27.57183673344977
27.57241209169277
27.570957454310275
27.571603182109385
27.57234034282868
27.57106290332527
27.56988904226526
27.5710417051678
27.570201315636155
27.5695671334164
27.56917642998212
27.56906830064412
27.569283789919297
27.569866027107963
27.568461324085803
27.56745018527704
27.56688008684924
27.56680109226889
27.567266044224368
27.568330773583824
27.567441343951685
27.56719427390405
27.5676521189539
27.56888123576431
27.568173533257067
27.568292928301247
27.56931468748718
27.568401584934975
27.568457646205104
27.569569045819208
27.56875683806902
27.572206923239094
27.570640937472206
27.570301893886864
27.571298182753452
27.57374648630187
27.574339180326234
27.573005232439044
27.573241768755082
27.575189587376485
27.57527437694594
27.57722632066057
27.577321523595884
27.579460965840212
27.579758566754663
27.58230324413816
27.548819121110625
27.45909150413911
27.30430536927574
27.09317638806428
26.825882130616577
26.492863914897725
26.093491325356638
25.62705616107482
25.071457338203118
24.33585758660493
23.23241653095917
21.190034403318037
17.87332269558425
15.320566323581573
13.441821824606734
11.98383413503791
10.765071385331822
9.720389008397177
8.796151558012411
7.977036105816779
7.244739529393144
6.586082982201617
5.9943939267568
5.451597868798132
4.956207059996558
4.506353139852564
4.099655625302546
3.733031951372652
3.388583588702147
3.0872967625635965
2.8087519259456997
2.5785355322170176
2.3529130507587865
2.157039332166221
2.004950382325376
1.858024771190287
1.7585711196101386
1.6490667156460006
1.5874141537680657
1.555417291387414
1.3893228090707623
1.5438869847141916
1.6069388021608688
1.6183272029050215
1.7205420626764862
1.775745313221364
1.9035100276132937
2.016840510492557
2.1903961875680125
2.3823461136115895
2.5866713336594387
2.832579735871775
3.109053141309005
3.4086000114677972
3.7387577527908036
4.11691223742659
4.522496981025711
4.971373046573348
5.465897788620765
6.007921439914412
6.598917339544187
7.256948384090265
7.98867767106583
8.81496424688845
9.731040908475478
10.782350218934852
12.00043632537296
13.464327467412005
15.342254931130753
17.906394826843098
21.221987584506252
23.251975760800974
24.349302761510415
25.079163963313107
25.63970053637567
26.100752312725717
26.499920937690547
26.8327463808871
27.099858162507502
27.31081416225217
27.46105153878426
27.555007621112793
27.58416916829185
27.58158076355582
27.581241449877353
27.582955965743565
27.58273750172515
27.58066761101901
27.580469852928474
27.57841373631493
27.57807328947905
27.57587403063303
27.575251711042768
27.576078325993535
27.57499326314519
27.57524680124959
27.573604354160835
27.573200802214018
27.57393629890771
27.5727508208646
27.57262318106072
27.570597487773824
27.572378379283037
27.572194193257957
27.570103956953886
27.57154925142916
27.571032484976882
27.571222414557383
27.569481734268948
27.570937864734418
27.57042065838914
27.570448889355447
27.570969652400635
27.57193282496445
27.57092406648377
27.570327806143837
27.57240357364077
27.570193506944406
27.57057126570254
27.571192835385375
27.572020931987822
27.570856283854482
27.572018456057407
27.573284492302236
27.57253620366336
27.573942461357944
27.57332364478779
27.57475387779658
27.57614413515978
27.57549808004086
27.576755540529774
27.575971532250122
27.577001200568134
27.577873421033217
27.57856740215783
27.579063074392735
27.579341049656847
27.579382583357642
27.580962246370035
27.582234174696907
27.584939910121932
